%YAML:1.0
---
opencv_lbphfaces:
   threshold: 1.7976931348623157e+308
   radius: 2
   neighbors: 3
   grid_x: 8
   grid_y: 8
   histograms:
      - !!opencv-matrix
         rows: 1
         cols: 512
         dt: f
         data: [ 1.77777782e-02, 8.88888910e-03, 3.11111119e-02,
             7.99999982e-02, 1.28888890e-01, 7.55555555e-02,
             2.84444451e-01, 3.73333335e-01, 3.99999991e-02,
             1.77777782e-02, 7.55555555e-02, 6.22222237e-02,
             4.44444455e-02, 2.22222228e-02, 3.86666685e-01,
             3.51111114e-01, 1.46666676e-01, 1.51111111e-01,
             1.59999996e-01, 2.22222228e-02, 4.44444455e-02,
             1.33333340e-01, 2.22222224e-01, 1.20000005e-01,
             3.99999991e-02, 1.33333337e-02, 1.15555555e-01, 0.,
             1.55555561e-01, 1.24444447e-01, 3.82222235e-01,
             1.68888897e-01, 4.44444455e-03, 4.44444455e-02, 0., 0.,
             3.46666664e-01, 3.19999993e-01, 9.77777839e-02,
             1.86666667e-01, 1.02222227e-01, 1.20000005e-01,
             8.88888910e-03, 6.66666701e-02, 1.73333332e-01,
             2.26666674e-01, 1.15555555e-01, 1.86666667e-01,
             1.86666667e-01, 1.33333340e-01, 5.33333346e-02,
             3.55555564e-02, 1.46666676e-01, 1.68888897e-01,
             7.11111128e-02, 2.04444453e-01, 1.42222226e-01,
             8.44444484e-02, 3.11111119e-02, 3.99999991e-02,
             2.93333352e-01, 6.66666701e-02, 2.17777789e-01,
             1.24444447e-01, 1.33333337e-02, 0., 3.06666672e-01,
             5.77777773e-02, 1.77777782e-02, 4.44444455e-03,
             4.26666677e-01, 1.73333332e-01, 6.66666701e-02,
             1.55555561e-01, 1.46666676e-01, 7.99999982e-02,
             2.66666673e-02, 3.11111119e-02, 2.17777789e-01,
             2.75555551e-01, 1.64444447e-01, 3.55555564e-02,
             2.84444451e-01, 1.64444447e-01, 5.33333346e-02,
             4.44444455e-02, 1.73333332e-01, 7.99999982e-02,
             4.44444455e-02, 4.44444455e-03, 7.55555555e-02,
             9.33333337e-02, 2.31111109e-01, 1.42222226e-01,
             2.17777789e-01, 1.91111118e-01, 4.88888919e-02,
             4.88888919e-02, 4.44444455e-02, 1.11111112e-01,
             2.26666674e-01, 2.53333330e-01, 1.02222227e-01,
             1.64444447e-01, 1.33333340e-01, 1.20000005e-01,
             6.66666701e-02, 8.44444484e-02, 7.55555555e-02,
             2.00000003e-01, 6.66666701e-02, 2.53333330e-01,
             2.35555559e-01, 9.33333337e-02, 7.55555555e-02,
             8.88888910e-02, 5.33333346e-02, 1.28888890e-01,
             6.66666701e-02, 2.57777780e-01, 2.40000010e-01,
             7.55555555e-02, 8.88888910e-02, 1.02222227e-01,
             6.22222237e-02, 7.11111128e-02, 1.86666667e-01,
             1.73333332e-01, 0., 8.88888910e-03, 2.00000003e-01,
             7.55555555e-02, 0., 8.88888910e-03, 4.35555577e-01,
             2.71111131e-01, 6.22222237e-02, 2.31111109e-01,
             4.44444455e-02, 1.02222227e-01, 1.77777782e-02,
             2.66666673e-02, 1.59999996e-01, 3.55555564e-01,
             1.33333340e-01, 8.88888910e-03, 2.17777789e-01,
             1.55555561e-01, 1.95555568e-01, 4.88888919e-02,
             9.33333337e-02, 1.46666676e-01, 3.99999991e-02,
             1.55555561e-01, 2.00000003e-01, 3.19999993e-01,
             7.99999982e-02, 5.33333346e-02, 7.11111128e-02,
             7.99999982e-02, 3.99999991e-02, 1.15555555e-01,
             3.33333343e-01, 1.06666669e-01, 4.44444455e-03,
             5.33333346e-02, 2.88888901e-01, 5.77777773e-02,
             1.15555555e-01, 1.64444447e-01, 9.33333337e-02,
             3.06666672e-01, 3.11111119e-02, 1.51111111e-01,
             3.55555564e-02, 1.02222227e-01, 1.73333332e-01,
             3.55555564e-02, 1.15555555e-01, 1.46666676e-01,
             1.37777776e-01, 6.66666701e-02, 1.24444447e-01,
             2.00000003e-01, 1.46666676e-01, 2.66666673e-02,
             7.55555555e-02, 6.66666701e-02, 1.82222232e-01,
             1.11111112e-01, 1.91111118e-01, 2.00000003e-01,
             8.88888910e-03, 4.44444455e-02, 6.66666701e-02,
             2.22222228e-02, 1.33333337e-02, 1.15555555e-01,
             4.17777777e-01, 3.11111122e-01, 1.42222226e-01,
             2.93333352e-01, 4.44444455e-03, 4.44444455e-03,
             7.55555555e-02, 1.73333332e-01, 1.77777782e-01,
             1.28888890e-01, 1.02222227e-01, 2.66666673e-02,
             5.77777773e-02, 4.88888919e-02, 2.13333338e-01,
             2.22222224e-01, 1.51111111e-01, 1.77777782e-01,
             1.28888890e-01, 6.66666701e-02, 4.44444455e-02,
             5.33333346e-02, 1.86666667e-01, 1.91111118e-01,
             1.77777782e-01, 1.51111111e-01, 6.66666701e-02,
             6.22222237e-02, 4.88888919e-02, 3.99999991e-02,
             3.06666672e-01, 8.88888910e-02, 2.40000010e-01,
             1.46666676e-01, 8.88888910e-02, 9.33333337e-02,
             4.44444455e-02, 1.86666667e-01, 1.11111112e-01,
             1.77777782e-01, 5.77777773e-02, 2.40000010e-01,
             1.77777782e-01, 1.24444447e-01, 5.33333346e-02,
             9.33333337e-02, 8.88888910e-02, 1.77777782e-01,
             6.22222237e-02, 2.22222224e-01, 6.22222237e-02,
             2.66666673e-02, 1.46666676e-01, 8.44444484e-02,
             2.00000003e-01, 4.44444455e-02, 3.19999993e-01,
             1.15555555e-01, 8.88888910e-03, 2.44444445e-01,
             8.88888910e-03, 1.33333337e-02, 3.55555564e-02,
             1.77777782e-01, 1.91111118e-01, 3.19999993e-01,
             1.06666669e-01, 3.19999993e-01, 1.95555568e-01,
             4.44444455e-02, 5.33333346e-02, 7.55555555e-02,
             1.06666669e-01, 9.77777839e-02, 5.77777773e-02,
             1.55555561e-01, 2.48888895e-01, 9.33333337e-02,
             7.99999982e-02, 1.06666669e-01, 2.04444453e-01,
             5.33333346e-02, 7.11111128e-02, 1.06666669e-01,
             1.59999996e-01, 2.26666674e-01, 1.24444447e-01,
             7.99999982e-02, 1.20000005e-01, 1.11111112e-01,
             1.59999996e-01, 3.99999991e-02, 5.33333346e-02,
             1.73333332e-01, 2.35555559e-01, 5.77777773e-02,
             1.37777776e-01, 1.42222226e-01, 3.99999991e-02,
             3.60000014e-01, 3.55555564e-02, 2.26666674e-01,
             3.11111119e-02, 2.57777780e-01, 0., 4.88888919e-02,
             1.02222227e-01, 1.77777782e-02, 1.73333332e-01,
             1.11111112e-01, 1.82222232e-01, 5.77777773e-02,
             2.80000001e-01, 7.55555555e-02, 1.33333337e-02,
             3.99999991e-02, 1.55555561e-01, 7.11111128e-02,
             2.66666673e-02, 0., 5.82222223e-01, 1.11111112e-01,
             2.22222228e-02, 2.17777789e-01, 4.44444455e-02,
             9.77777839e-02, 3.55555564e-02, 2.40000010e-01,
             4.44444455e-02, 2.97777772e-01, 1.33333340e-01,
             3.68888885e-01, 8.88888910e-02, 6.66666701e-02,
             3.11111119e-02, 4.88888919e-02, 1.59999996e-01,
             1.02222227e-01, 1.28888890e-01, 1.24444447e-01,
             2.13333338e-01, 1.11111112e-01, 1.06666669e-01,
             5.33333346e-02, 1.59999996e-01, 1.02222227e-01,
             1.55555561e-01, 9.77777839e-02, 1.73333332e-01,
             1.64444447e-01, 7.55555555e-02, 5.33333346e-02,
             1.33333340e-01, 1.46666676e-01, 9.77777839e-02,
             8.88888910e-02, 1.64444447e-01, 1.95555568e-01,
             1.24444447e-01, 8.44444484e-02, 8.44444484e-02,
             1.59999996e-01, 5.33333346e-02, 7.99999982e-02,
             3.99999991e-02, 5.91111124e-01, 2.66666673e-02,
             8.88888910e-02, 8.88888910e-03, 1.11111112e-01,
             7.99999982e-02, 8.88888910e-02, 1.68888897e-01,
             4.62222219e-01, 4.44444455e-03, 3.99999991e-02,
             7.11111128e-02, 8.44444484e-02, 7.11111128e-02,
             7.55555555e-02, 3.51111114e-01, 1.24444447e-01,
             8.88888910e-03, 2.22222228e-02, 2.00000003e-01,
             1.46666676e-01, 4.44444455e-03, 1.42222226e-01,
             4.44444455e-02, 1.06666669e-01, 2.22222228e-02,
